0,15,47,29,77,90,59,2,9,20,
15,0,4,99,86,97,51,71,61,41,
47,4,0,43,97,50,44,53,61,83,
29,99,43,0,54,53,49,49,5,51,
77,86,97,54,0,65,1,72,22,59,
90,97,50,53,65,0,91,34,64,93,
59,51,44,49,1,91,0,93,29,91,
2,71,53,49,72,34,93,0,24,24,
9,61,61,5,22,64,29,24,0,7,
20,41,83,51,59,93,91,24,7,0,
